20:16:08.491 | 00 00 00 00 00 00 00 e0 47 00 00 c0 07 00 00 1c 3c 00 00 61 40 00 00 47 c9 00 00 3c 34 00 00  |  -87 CRC error
20:16:08.571 | 40 00 00 00 00 00 00 0e 0a 00 00 38 00 00 00 10 70 00 00  |  -85 CRC error
20:16:08.681 | 00 00 00 00 00 00 00 d3 6f 00 00 09 87 00 00 14 3c 00 00 40 41 00 00 43 cd 00 00 0c 34 00 00  |  -87 CRC error
20:16:08.761 | 00 00 00 69 96 00 00 00 c0 00 00 cf 90 10 03 fb 10 01 b0 10 20 20 00 94 39 60 14 c5 7f 00 00  |  -80 CRC error
20:16:08.871 | 00 00 00 00 00 00 00 38 3a 00 00 38 bc 00 00 70 00 00 00 0b 0d 00 00 3c 18 00 00 f0 f0 00 00  |  -87 CRC error
20:16:08.951 | 00 00 00 00 00 00 00 aa 38 00 06 a8 93 00 00 03 0d 00 00 88 c3 00 00 6c 60 02 01 5f a1 00 00  |  -81 CRC error
20:16:09.061 | 00 31 10 18 00 00 00 2f 33 00 00 40 37 c0 02 04 4c 21 0c 3d 88 00 8e 40 70 24 02 9f 2f 40 00  |  -80 CRC error
20:16:09.141 | 00 00 00 00 00 00 00 28 38 00 00 79 93 00 00 c6 c0 00 00 bc 3f 00 00 60 48 00 00 af 90 00 00  |  -87 CRC error
20:16:09.221 | 00 00 00 00 00 00 00 c3 53 00 01 c2 80 e9 8a 54 3f 00 10 48 0d 00 00 40 61 cd d8 0f ec 01 01  |  -82 CRC error
20:16:09.291 | 00 00 00 00 00 00 00 0a 3a 00 00 27 d0 00 00 09 00 00 00 09 0c 00 00 d1 f4 00 00 7c 37 00 00  |  -86 CRC error
20:16:09.371 | 00 00 00 07 6c b3 10 e0 53 00 00 36 af 00 00 46 f1 00 00 02 15 3a a4 43 f1 00 00 83 00 00 00  |  -79 CRC error
20:16:09.461 | 00 00 00 00 00 00 00 c2 ee 00 00 c3 83 00 00 0c 3c 00 00 28 01 00 00 07 2a 00 00 3d f0 00 00  |  -87 CRC error
20:16:09.531 | 00 00 00 00 00 00 00 ba 3a 00 00 38 b2 00 00 42 30 00 00 ec 8c 00 00 37 09 00 00 fc 3c 00 00  |  -86 CRC error
20:16:09.611 | 00 00 00 00 00 00 00 c2 ce 00 00 34 1f 00 00 18 30 00 00 81 8d 00 00 e5 a9 00 00 0a ae 0c 00  |  -80 CRC error
20:16:09.731 | 00 00 00 00 00 00 00 28 77 00 00 28 80 00 00 0a 0f 00 00 3c 00 9f 4e 0b 70 00 00 c3 b8 00 00  |  -82 CRC error
20:16:09.801 | 00 00 22 8e 40 00 00 f4 46 80 00 e0 01 03 3a 7c 3f 21 c0 69 80 21 80 f6 d8 30 01 9f 3e 00 00  |  -81 CRC error
20:16:09.901 | 00 00 01 90 bf 03 00 8e 02 00 00 b0 0c 00 00 7e 70 00 00 0f 8d 00 00 07 9b 00 00 3a 38 00 00  |  -80 CRC error
20:16:09.971 | 00 00 00 00 00 00 00 c0 c6 00 00 dc 3d 00 00 00 3c 00 00 60 f0 00 00 d3 c9 00 00 3f 34 00 00  |  -86 CRC error
20:16:10.041 | 00 00 00 00 00 16 2c a0 42 00 00 30 1c 00 00 00 71 00 00 40 bd 00 00 34 0d 00 00 f0 38 00 00  |  -80 CRC error
20:16:10.121 | 00 00 00 00 00 00 00 c0 32 00 00 40 87 00 00 1c 3c 00 00 60 c1 00 00 c3 cd 00 00 2c fc 00 00  |  -86 CRC error
20:16:10.191 | 00 00 00 00 00 00 00 2a 38 00 00 7c 83 00 00 03 84 00 00 3e df 00 00 60 51 00 00 a3 c0 00 00  |  -87 CRC error
20:16:10.271 | 00 00 00 00 00 00 00 c0 4e 00 00 80 15 00 00 10 36 00 00 41 01 00 00 c7 c8 00 00 fc 7f 00 00  |  -86 CRC error
20:16:10.351 | 00 00 00 00 00 00 00 2a 3a 00 00 7c 93 00 00 44 47 00 00 1f 9c 00 00 6c 50 00 00 83 80 00 00  |  -86 CRC error
20:16:10.421 | 00 00 00 00 00 00 00 e0 30 00 00 60 e3 00 00 84 8f 00 00 0e 00 00 00 63 cf 00 00 bf 36 00 00  |  -87 CRC error
20:16:10.501 | 00 00 00 00 00 00 00 e3 73 00 00 c9 b3 00 00 e4 3f 00 00 28 00 00 00 e3 0c 00 00 0f 3f 00 00  |  -87 CRC error
20:16:10.571 | 00 00 00 00 00 00 00 eb 9b 00 00 8c 6f 00 00 8b 8c 00 00 2c 3e 00 00 63 c9 00 00 05 10 00 00  |  -85 CRC error
20:16:10.661 | 00 00 00 00 00 00 00 c2 4e 00 00 00 1e 00 00 1e 70 00 00 c3 b3 00 00 87 cd 00 00 3c 78 00 00  |  -87 CRC error
20:16:10.731 | 00 00 00 00 00 00 00 02 80 80 00 3c 00 69 66 18 71 00 00 07 d8 00 00 22 48 00 00 06 8a b8 18  |  -79 CRC error
20:16:10.811 | 00 00 00 00 00 00 00 28 38 00 00 41 b3 00 00 e6 cf 00 00 3c ff 04 00 e0 40 02 3b c8 00 00 00  |  -80 CRC error
20:16:10.901 | 00 00 00 00 00 00 00 3a ba 00 00 c3 bb 00 00 fe cf 00 00 ef bf 00 00 ab f2 00 00 a3 df 00 00  |  -87 CRC error
20:16:10.981 | 00 00 00 00 00 00 00 e0 2f 00 00 43 80 00 00 06 0c 00 00 a8 00 00 00 c3 c1 00 00 bf f6 00 00  |  -86 CRC error
20:16:11.051 | 00 00 00 00 00 00 00 3c fc 00 00 7d 9b 00 00 3e ad 00 00 3c 1d 00 00 60 fc 00 00 b2 84 00 00  |  -85 CRC error
20:16:11.131 | 00 00 00 00 00 00 00 cf ce 00 00 3d 8c 00 00 38 00 00 00 59 87 00 00 82 23 00 00 70 7f 00 00  |  -86 CRC error
20:16:11.211 | 00 00 00 00 00 00 00 c7 27 00 0c 01 26 12 00 01 30 00 00 23 4e 00 00 63 00 60 80 0c 08 22 04  |  -79 CRC error
20:16:11.281 | 00 00 00 00 80 00 00 c0 0c eb 0c 4d 80 00 00 b7 00 20 00 2f 5c 00 02 d1 71 44 00 af 07 00 00  |  -79 CRC error
20:16:11.361 | 00 00 00 00 00 00 00 e2 63 00 00 40 03 00 00 14 f6 00 00 28 30 00 00 43 0d 00 00 0c 04 00 00  |  -87 CRC error
20:16:11.441 | 00 00 00 00 00 00 00 b3 70 00 00 41 83 00 00 c6 0c 00 00 2c 00 00 00 23 6d 00 00 8f 86 00 00  |  -86 CRC error
20:16:11.511 | 00 00 00 00 00 00 01 f7 7e 20 00 40 0b 00 00 14 36 00 00 2c 59 00 80 e3 6c 40 00 a2 81 00 10  |  -83 CRC error
20:16:11.581 | 00 00 00 00 00 00 00 de ca 00 00 30 94 00 00 72 41 00 00 00 9c d7 00 f4 00 00 00 21 b8 00 00  |  -80 CRC error
20:16:11.661 | 00 00 00 00 00 00 00 a8 33 00 00 31 83 00 00 00 0d 00 00 2f de 00 00 63 31 00 00 af 04 00 00  |  -87 CRC error
20:16:11.741 | 00 00 00 00 00 00 00 2a 30 00 00 70 b3 00 00 c4 0d 00 00 3f 3f 00 00 0c 40 00 00 a3 43 00 00  |  -87 CRC error
20:16:11.821 | 00 00 00 00 00 00 00 3a f8 00 00 79 da 00 00 71 c9 00 00 3f 0f 00 00 a0 58 00 00 b3 21 00 00  |  -87 CRC error
20:16:11.911 | 00 00 00 00 00 00 00 3a 3a 00 00 3c 80 00 00 c0 01 00 00 fc ce 00 00 24 50 00 00 a3 70 00 00  |  -87 CRC error
20:16:12.001 | 00 00 00 00 00 00 00 3a 3a 00 00 30 9f 00 00 f0 ec 00 00 8f 1c 00 00 e0 10 00 00 b3 c1 00 00  |  -87 CRC error
20:16:12.081 | 00 00 00 00 00 00 00 3a 3c 00 00 33 90 00 00 00 4f 00 00 3f 3f 00 00 ec 70 00 00 a3 24 00 00  |  -87 CRC error
20:16:12.151 | 00 00 00 00 00 00 00 c0 c3 00 00 44 a7 00 00 14 3f 00 00 e8 00 00 00 c3 cd 00 00 0f 04 00 00  |  -87 CRC error
20:16:12.231 | 50 34 0c 00 00 00 00 36 1b 00 00 3b 93 00 18 03 69 00 08 2d 40 32 08 21 f0 d4 00 2c 14 00 00  |  -80 CRC error
20:16:12.321 | 00 00 00 00 00 00 00 42 0e 00 00 03 ce 00 00 10 41 00 00 ff bf 00 00 22 0b 00 00 fc 30 00 00  |  -86 CRC error
20:16:12.391 | 00 00 02 7d c4 c0 00 3f 31 00 00 00 90 00 00 40 11 00 20 cd e4 00 00 20 01 86 7b a1 8e 00 10  |  -81 CRC error
20:16:12.481 | 00 00 00 00 00 00 00 b8 f8 00 00 70 83 00 00 74 07 00 00 33 0c 00 00 6d fc 00 00 83 a3 00 00  |  -86 CRC error
20:16:12.551 | 00 00 00 00 00 00 00 3a 38 00 00 30 81 00 00 41 0d 00 00 3f 2d 00 00 24 18 00 00 b3 41 00 00  |  -86 CRC error
20:16:12.641 | 00 00 00 00 00 00 00 c0 0e 00 00 00 02 00 00 00 30 00 00 00 00 00 00 c3 08 00 00 0c 00 00 00  |  -86 CRC error
20:16:12.771 | 00 00 00 00 00 00 00 3f 2c 00 00 70 dc 00 18 22 57 00 00 4f c3 00 00 c5 36 00 00 bc 01 13 60  |  -81 CRC error
20:16:12.851 | 00 00 00 00 00 00 00 00 b3 78 00 60 bd 00 01 4e 3c 02 00 2b 3c 40 01 41 47 00 00 88 fe 03 00  |  -83 CRC error
20:16:12.931 | 00 00 00 00 00 00 00 c3 37 80 00 d0 1f c0 00 00 42 00 00 cc 40 00 00 01 03 00 00 2d fe 00 00  |  -85 CRC error
20:16:13.011 | 00 00 00 09 03 00 00 00 33 7e 80 b2 15 00 00 00 f6 00 f4 6d 0f 00 00 b4 19 00 00 fc 64 00 00  |  -82 CRC error
20:16:13.091 | 00 00 00 00 00 00 36 00 00 58 f3 00 00 dc 2b 00 00 c5 4c 00 00 1a 1c 00 00 c0 a0 00 00 c3 34  |  -87 CRC error
20:16:13.161 | 00 00 00 00 00 00 00 38 70 00 00 7c 83 00 00 c4 cd 00 00 0f dc 00 00 68 70 00 00 8f 82 00 00  |  -86 CRC error
20:16:13.241 | 00 00 00 00 00 00 00 20 63 00 00 c0 83 00 00 06 0f 00 00 2e 22 00 00 43 70 00 00 00 0f 00 00  |  -85 CRC error
20:16:13.331 | 00 00 00 00 00 00 00 f8 30 00 00 41 9b 00 00 fe cf 00 00 ff 1e 00 00 e0 70 00 00 8b 30 00 00 42 03 a1 00 aa 29 f5 5f 07 52 10 72 37 32 c7 ca 65 fd 56 56 7e d0 bf 9e 39 b4 12 12 ac d4 92 82 36 bc bd 9d ba 81 01 4e 9f 78 4a df 3a f9 e5 36 ea 07 04 dc 63 1f 54 4b eb 9d 7b e9 7a d6 3c 66  |  -86 CRC error
20:16:13.421 | 00 00 00 00 00 00 00 e2 cf 00 00 3e 07 00 00 10 0a 08 ac 69 c1 00 00 0b c3 00 00 00 74 80 00  |  -80 CRC error
20:16:13.501 | 00 00 00 00 00 00 00 28 33 00 00 40 0f 00 00 04 0f 00 00 20 38 00 00 63 80 00 00 8f 40 00 00  |  -86 CRC error
20:16:13.581 | 00 00 00 00 a0 00 00 15 29 23 00 70 c2 00 00 f8 27 00 00 2f df 00 89 9f dc 00 00 f0 02 00 00  |  -81 CRC error
20:16:13.651 | 00 00 00 00 00 00 00 3f e0 00 00 21 83 00 00 00 3f 00 00 28 0e 00 00 63 45 00 00 8b 07 00 00  |  -87 CRC error
20:16:13.741 | 00 00 00 00 00 00 00 3a 38 00 00 30 9d 00 00 f4 c7 00 00 0f 8d 00 00 6c 50 00 00 b0 e0 00 00  |  -86 CRC error
20:16:13.821 | 00 00 00 00 00 00 00 e8 71 00 00 c0 8b 00 00 1e ff 00 00 ae 08 00 00 20 70 00 00 83 86 00 00  |  -86 CRC error
20:16:13.901 | 00 00 00 00 00 00 00 a8 38 00 00 38 b3 00 00 01 4f 00 00 2f 2c 00 00 20 70 00 00 a3 80 00 00  |  -87 CRC error
20:16:13.981 | 00 00 00 00 00 00 00 e0 7a 00 00 b2 a0 01 00 2c 53 00 00 6f 34 00 00 e1 40 00 00 bd ee 18 00  |  -80 CRC error
20:16:14.091 | 00 00 00 00 00 00 00 e0 43 00 00 4d 07 00 00 16 3e 00 00 ab cc 00 00 c3 c3 00 00 0c 34 00 00  |  -86 CRC error
20:16:14.161 | 00 00 00 00 00 00 00 e3 70 00 00 4d 87 00 00 d6 8c 01 06 27 1c 00 00 08 7c 00 00 8f 00 00 00  |  -81 CRC error
20:16:14.241 | 00 00 00 00 00 00 00 80 24 18 40 00 87 00 00 0c 0c 00 00 07 c1 00 03 f3 90 1c 00 8e 62 c0 00  |  -82 CRC error
20:16:14.321 | 00 00 00 00 00 00 20 ce 0c 02 98 20 8d 00 00 5c 10 00 00 d3 00 00 00 c0 10 81 c9 fe 3c 00 00  |  -79 CRC error
20:16:14.401 | 00 00 00 00 00 00 00 c0 63 00 00 cc 8f 00 00 86 bf 00 00 28 00 00 00 e3 71 00 00 0f 06 00 00  |  -86 CRC error
20:16:14.481 | 00 00 0c e2 00 01 c0 ac 4b 80 11 82 fd 04 80 1e 45 1c 00 dd 9d 00 00 b7 52 40 00 fd 78 00 00  |  -83 CRC error
20:16:14.561 | 00 00 00 00 00 00 00 a8 38 00 00 72 83 00 00 84 8d 00 00 3c 2f 00 00 63 70 00 00 af 06 00 00  |  -87 CRC error
20:16:14.641 | 00 40 0f 90 40 08 00 fc a2 60 03 ba 9d 00 40 bc 3e 03 00 0c bd 00 00 a8 90 00 00 f8 78 00 00  |  -83 CRC error
20:16:14.700 | 00 00 00 00 00 00 00 c0 73 00 00 c0 b7 00 00 17 3f 00 00 f0 c1 00 00 f3 c1 00 00 2f 34 00 00  |  -86 CRC error
20:16:14.774 | 00 00 00 00 00 00 00 1a ba 00 00 b8 80 00 00 72 c0 00 00 8c bf 00 00 23 d8 00 00 f3 31 00 00  |  -86 CRC error
20:16:14.867 | 00 00 00 00 00 00 00 c2 c0 00 55 fa 15 00 00 30 b6 00 00 31 3d 00 00 c0 4f 20 07 3c 3c 00 00  |  -79 CRC error
20:16:14.937 | 00 00 00 00 00 00 00 b8 38 00 00 7d 82 00 00 06 cc 00 00 2f dc 00 00 6c 50 00 00 f3 84 00 00  |  -87 CRC error
20:16:15.007 | 00 00 00 00 00 00 00 9e 3a 00 00 30 1c 00 00 50 71 00 00 0d 8d 00 00 30 58 00 00 f0 70 00 00  |  -87 CRC error
20:16:15.087 | 00 00 00 00 00 00 00 26 38 00 00 4f 3c 00 00 be 43 00 00 cc 00 00 00 30 8c 00 00 a8 8e 00 00  |  -85 CRC error
20:16:15.144 | 00 00 00 00 00 00 00 c7 4e 00 00 c4 07 00 00 1c 3c 00 00 41 01 00 00 02 cb 00 00 6e fc 00 00  |  -87 CRC error
20:16:15.227 | 00 00 00 00 00 00 00 08 70 00 00 33 bc 08 00 b9 5f 06 d2 71 1f 04 60 6c 54 b8 b9 f8 60 00 27  |  -84 CRC error
20:16:15.307 | 00 06 00 00 03 00 2c a0 22 10 12 02 9a 90 24 6e 10 00 00 61 41 a8 20 33 d1 00 00 bf 8c 00 00  |  -76 CRC error
20:16:15.387 | 00 00 00 00 00 00 00 c3 47 00 00 84 03 00 00 14 3f 00 00 28 01 00 00 43 ed 00 00 8f 00 00 00  |  -87 CRC error
20:16:15.457 | 00 00 00 00 00 00 00 28 3a 00 00 38 b0 00 00 73 c3 00 00 bc 1b 07 00 43 50 00 00 2e 34 00 00  |  -86 CRC error
20:16:15.564 | 00 00 00 00 00 00 00 c2 0e 00 00 cb 82 00 00 00 38 00 00 20 00 00 00 c3 e9 00 00 0f f0 00 00  |  -87 CRC error
20:16:15.686 | 00 00 00 00 00 00 00 e0 73 00 00 41 83 00 00 d7 3f 00 00 4c 1c 00 00 63 71 00 00 83 8f 00 00  |  -87 CRC error
20:16:15.776 | 00 00 00 00 00 00 00 ba 4a 00 00 30 1c 00 00 70 71 00 00 cd 4d 00 00 87 1b 00 00 f0 30 00 00  |  -86 CRC error
20:16:15.856 | 00 00 00 00 00 00 04 00 00 50 38 00 01 c1 02 00 00 07 00 00 01 a3 c8 00 00 41 b4 00 00 82 62  |  -87 CRC error
20:16:15.926 | 00 00 00 00 00 00 00 c2 4a 00 00 0b 1d 00 00 1e 3c 00 00 60 80 00 00 c3 eb 00 00 3c 34 00 00  |  -87 CRC error
20:16:16.006 | 00 00 00 00 00 00 00 0f 00 00 00 0c 35 00 00 41 38 00 00 07 1f 00 00 0c 1d 00 00 f0 70 00 00  |  -85 CRC error
20:16:16.086 | 00 00 00 00 00 00 00 3a 0e 00 00 01 9c 00 00 70 20 00 00 cc 0f 00 00 0e 18 00 00 f0 f0 00 00  |  -86 CRC error
20:16:16.172 | 00 00 00 00 00 00 00 f3 33 00 00 04 07 00 00 d7 3f 00 00 fd 00 00 00 c0 71 00 00 03 bf 00 00  |  -86 CRC error
20:16:16.246 | 00 00 00 00 00 00 00 28 38 00 00 4c b3 00 00 40 cf 00 00 3f 0c 00 00 60 d0 00 00 db 24 80 00  |  -82 CRC error
20:16:16.348 | 00 00 00 00 00 00 00 cf 0e 00 00 0c 1f 00 00 0e 30 00 00 60 03 00 00 d7 c8 00 00 fd 38 00 00  |  -87 CRC error
20:16:16.418 | 00 00 00 00 00 00 00 a3 c3 00 00 cd 83 00 00 07 33 00 00 a2 03 00 00 43 cd 00 00 8f a7 00 00  |  -86 CRC error
20:16:16.508 | 00 00 00 00 00 00 00 e3 48 00 00 cc 03 00 00 14 3c 00 00 60 00 00 00 43 f1 00 00 0f 30 00 00  |  -86 CRC error
20:16:16.578 | 00 00 00 00 00 00 00 2a 30 00 00 30 1b 00 00 40 cd 00 00 cf 0f 00 00 2c f0 00 00 a3 c3 00 00  |  -87 CRC error
20:16:16.668 | 00 00 00 00 00 00 00 38 b7 00 00 db bb 00 00 3c 03 00 00 0f 50 00 00 68 02 00 13 ce 10 00 00  |  -85 CRC error
20:16:16.748 | 00 00 00 00 00 00 00 c9 0b 20 00 c0 03 e5 99 86 3f 00 00 0f b0 00 00 ea d1 00 00 12 2c f5 80  |  -80 CRC error
20:16:16.849 | 00 00 00 00 00 00 00 e8 38 00 00 5f 83 00 00 04 cd 00 00 2c cc 00 00 6c 70 00 00 80 82 00 00  |  -87 CRC error
20:16:16.929 | 00 00 00 00 00 00 cd 00 00 22 39 00 00 16 cc 00 00 69 fc 00 00 80 35 00 61 84 3a 01 bb 72 08  |  -82 CRC error
20:16:17.009 | 00 00 00 00 00 00 00 0a 38 00 00 30 90 00 00 f0 4c 00 00 3c 0f 00 00 60 18 00 00 b3 bb 00 00  |  -86 CRC error
20:16:17.089 | 00 00 00 00 00 00 00 80 b0 00 00 f0 b3 00 00 c0 cf 00 00 3f 0f 00 00 2c 38 00 00 f3 03 00 00  |  -86 CRC error
20:16:17.159 | 00 00 00 00 00 00 00 c2 03 00 00 00 03 00 00 06 2c 00 00 60 18 00 00 a3 0d 00 00 0f 74 c0 00  |  -81 CRC error
20:16:17.249 | 00 00 00 00 00 00 00 ce c2 00 00 b3 97 00 00 fc 38 00 00 e7 ff 00 00 df f9 00 00 bf ff 00 00  |  -87 CRC error
20:16:17.329 | 00 00 00 00 00 00 00 ba 30 00 00 78 93 00 00 24 5f 00 00 01 be 04 50 60 7e 00 00 de 64 00 00  |  -82 CRC error
20:16:17.409 | 00 00 00 00 00 00 06 00 00 0a 3b 00 00 dc c0 00 00 03 c0 00 00 0e 1d 00 00 04 e0 00 00 f2 c3  |  -87 CRC error
20:16:17.489 | 00 00 00 00 00 00 00 e3 60 00 00 c0 c7 00 00 10 30 00 00 60 33 00 00 83 cc 00 00 3c 37 00 00  |  -86 CRC error
20:16:17.569 | 00 00 00 00 00 00 00 ab 30 00 00 30 d8 00 00 4e 33 00 00 1c 0f 00 00 8e f2 00 00 b3 08 00 00  |  -84 CRC error
20:16:17.649 | 00 00 00 00 00 00 00 ee 32 00 00 0c 87 00 00 14 3e 00 00 6c 38 00 00 43 4d 00 00 8f 04 00 00  |  -87 CRC error
20:16:17.719 | 00 00 00 00 00 00 00 b8 c2 00 00 09 c6 00 00 90 0c 00 00 41 b3 00 00 0f e8 00 00 fd f0 00 00  |  -86 CRC error
20:16:17.849 | 00 00 00 00 00 00 00 c0 62 00 00 7c 97 00 00 0c 3e 00 00 60 40 00 00 cb 48 00 00 0c 04 00 00  |  -87 CRC error
20:16:17.929 | 00 00 00 00 00 00 00 ee 02 00 00 c0 17 00 00 1c 3f 00 00 61 c1 00 00 c3 c9 00 00 af d4 00 00  |  -87 CRC error
20:16:17.999 | 00 00 00 00 00 00 00 82 43 00 00 c3 02 00 00 1c 30 00 00 e0 10 00 00 03 ed 00 00 eb 7c 00 00  |  -87 CRC error
20:16:18.069 | 00 00 00 00 00 00 00 c2 ce 00 00 38 13 00 00 50 30 00 00 60 05 00 00 0b c9 00 00 08 3c 00 00  |  -86 CRC error
20:16:18.149 | 00 00 00 00 00 00 00 e2 22 00 00 88 03 00 00 00 3c 00 00 60 c1 00 00 47 c9 00 00 3c 3c 00 00  |  -87 CRC error
20:16:18.229 | 20 04 00 00 00 00 23 00 00 c2 29 00 00 2c 24 00 00 fc 03 66 08 a8 03 00 00 4d 42 00 00 c0 38  |  -80 CRC error
20:16:18.299 | 00 00 00 00 00 00 00 e0 72 00 00 4d 87 00 00 14 3f 00 00 73 b0 00 00 c3 e9 00 00 8f 06 00 00  |  -87 CRC error
20:16:18.369 | 00 00 00 00 00 00 00 e3 e3 00 00 02 23 00 00 14 3f 00 00 28 22 00 00 03 ed 00 00 0f 36 00 00  |  -87 CRC error
20:16:18.449 | 00 00 00 00 00 00 00 e3 70 00 00 c0 83 00 00 14 3f 00 00 2f 80 00 00 f3 41 00 00 0f 00 00 00  |  -86 CRC error
20:16:18.529 | 00 00 00 00 00 00 00 ff 40 00 00 48 c7 00 00 1c 0f 00 00 60 a2 00 00 c3 c9 00 00 3f f4 00 00  |  -87 CRC error
20:16:18.609 | 00 00 00 00 00 00 00 e0 73 00 00 cd 87 00 00 07 7f 00 00 b0 63 00 00 43 0d 00 00 0f 34 00 00  |  -86 CRC error
20:16:18.689 | 00 00 00 00 00 00 00 de 0a 00 00 38 1c 00 00 7f 40 00 00 cf 3d 00 00 b2 10 00 00 f0 70 00 00  |  -87 CRC error
20:16:18.789 | 00 00 00 00 00 00 00 28 38 00 00 73 b3 00 00 07 cd 00 00 3e 1e 00 00 eb 61 00 00 af 04 00 00  |  -87 CRC error
20:16:18.859 | 00 00 00 00 00 00 00 28 60 00 00 63 83 00 00 04 0f 00 00 2e 0c 00 00 23 f5 00 00 a3 86 00 00  |  -87 CRC error
20:16:18.949 | 00 00 00 00 00 00 00 c0 42 00 00 00 1c 00 00 3e 20 00 00 60 00 00 00 c3 c3 00 00 f8 38 00 00  |  -87 CRC error
20:16:19.029 | 00 00 00 00 00 00 00 0e 0e 00 00 30 1c 00 00 18 70 00 00 c1 81 00 00 b7 ac 00 00 fc 76 00 00  |  -87 CRC error
20:16:19.109 | 00 00 00 00 00 00 00 e8 78 00 00 70 9b 00 00 07 4c 00 00 0f 0f 00 00 f4 30 c2 00 23 80 01 26  |  -81 CRC error
20:16:19.189 | 00 00 00 00 00 00 00 c2 ee 00 00 d0 5f 00 00 1e 78 00 00 65 89 00 00 d7 cb 00 00 3d 0c 00 00  |  -87 CRC error
20:16:19.269 | 00 00 00 00 00 00 00 0a 3a 00 00 38 d0 00 00 60 c1 00 00 bf 1f 00 00 24 58 00 00 b3 31 00 00  |  -87 CRC error
20:16:19.369 | 00 00 00 00 00 00 00 3e 30 00 00 70 98 00 00 42 45 00 00 1f 1f 00 00 a4 48 00 00 a0 a0 00 00  |  -87 CRC error
20:16:19.449 | 00 00 00 00 00 00 00 68 f7 00 00 40 f3 00 00 f4 cf 00 00 bf 3e 00 00 60 50 00 00 a3 00 00 00  |  -87 CRC error
20:16:19.529 | 00 00 00 00 00 00 00 9f 02 00 00 19 c7 00 00 1c f2 00 00 60 0f 00 00 47 c9 00 00 30 3e 00 00  |  -86 CRC error
20:16:19.609 | 00 00 00 00 00 20 1b 70 48 00 00 38 c0 00 00 30 43 08 10 bf 89 08 00 d5 c8 0d 20 2c 4c 4c d8  |  -80 CRC error
20:16:19.699 | 00 00 00 00 00 00 00 0f 0e 00 00 38 14 00 00 5f 70 00 00 c1 81 00 00 c7 08 00 00 7c 7c 00 00  |  -87 CRC error
20:16:19.779 | 00 00 00 00 00 00 00 20 a0 00 00 0c 82 00 00 0e 34 00 00 08 00 00 00 43 42 00 00 32 34 00 00  |  -86 CRC error
20:16:19.849 | 00 08 00 00 08 20 00 ee 0e 01 2d 71 73 0f 00 1e dd 80 00 c0 03 00 00 c3 09 00 00 0f 34 00 00  |  -83 CRC error
20:16:19.929 | 00 00 00 00 00 00 00 e0 30 00 00 00 83 00 00 00 0f 00 00 0c 08 00 00 63 c0 00 00 0d 2c 00 00  |  -86 CRC error
20:16:20.049 | 00 00 00 00 00 00 00 e8 30 00 00 40 83 00 00 54 0f 00 00 3f 3c 00 00 63 d0 00 00 83 85 00 00  |  -80 CRC error
20:16:20.129 | 00 00 00 00 00 00 00 38 3a 00 00 09 dc 00 00 00 41 00 00 cd 0d 00 00 27 50 00 00 f0 30 00 00  |  -86 CRC error
20:16:20.249 | 00 00 0c 06 02 00 00 9e 30 10 00 38 9c 00 00 03 c3 00 00 2e 8b 1e 84 23 fd c3 20 fc 7f c7 18  |  -82 CRC error
20:16:20.319 | 00 00 00 00 00 00 00 3a 38 00 00 f0 1c 00 00 70 c3 00 00 03 1f 00 00 e2 00 00 00 b3 f0 00 00  |  -87 CRC error
20:16:20.389 | 00 00 00 00 00 00 00 0e 5a 00 00 30 02 03 1c 7f c0 00 00 cd ff 00 00 02 4c 02 00 f2 60 02 00  |  -79 CRC error
20:16:20.469 | 01 00 00 c4 00 00 02 ee c0 60 09 43 60 10 00 0c 3f 00 00 a1 22 00 00 c3 41 00 00 0f be 00 00  |  -83 CRC error
20:16:20.539 | 61 78 00 00 00 00 00  |  -82 CRC error
20:16:20.619 | 00 00 00 00 00 00 00 38 ba 00 00 30 da 00 00 f2 c8 00 00 bf 1f 00 00 60 72 00 00 b3 20 00 00  |  -87 CRC error
20:16:20.699 | 00 00 00 00 00 00 00 ca f2 00 00 b2 39 00 00 14 f4 00 ec 97 0f 00 0d 59 81 00 00 38 00 00 00  |  -82 CRC error
20:16:20.769 | 00 00 00 00 00 00 00 b8 30 00 00 40 83 00 00 44 0d 00 00 2f 2c 00 00 62 7f 00 00 2c 41 80 00  |  -80 CRC error
20:16:20.839 | 00 00 00 00 00 00 00 ce 0a 00 00 b0 17 00 00 1e 70 00 00 41 0d 00 00 c7 0d 00 00 f4 30 00 00  |  -86 CRC error
20:16:20.919 | 00 00 00 00 00 00 00 ce 0e 00 00 30 02 00 00 3c 31 00 00 35 98 00 00 27 0c 00 00 fc 20 00 00  |  -87 CRC error
20:16:20.979 | 00 00 00 00 00 00 00 e8 78 00 00 60 83 00 00 c4 0f 00 00 2f 48 00 00 6f 71 00 00 8f c4 00 00  |  -87 CRC error
20:16:21.059 | 00 00 00 00 00 00 00 f8 6f 18 00 70 03 c8 c4 46 8c 00 00 9e 2c 00 00 31 71 00 00 d9 55 98 00  |  -81 CRC error
20:16:21.129 | 00 00 00 00 00 00 00 2c 3b 00 00 71 83 00 00 07 3f 00 00 2c 2e 00 00 f0 40 00 00 e3 80 00 00  |  -86 CRC error
20:16:21.209 | 00 00 00 00 00 00 00 2a 38 00 00 30 83 00 00 c4 3f 00 00 2c 08 00 00 80 76 17 10 8b 84 00 00  |  -83 CRC error
20:16:21.309 | 00 00 00 00 00 00 00 e7 22 00 00 8b 4d 00 00 5e bf 00 00 e3 31 00 00 0c 88 00 01 4c 7e 00 00  |  -86 CRC error
20:16:21.409 | 00 00 00 00 00 00 00 e2 0e 00 00 30 17 00 00 1f 7c 00 00 41 b9 00 00 c7 09 00 00 fc 3c 00 00  |  -87 CRC error
20:16:21.489 | 00 00 00 00 00 00 00 ce ce 00 00 3c d0 00 00 5c 30 00 00 41 05 00 00 07 08 00 00 f0 f3 00 00  |  -87 CRC error
20:16:21.569 | 00 00 00 00 00 00 00 e8 f3 00 00 1d 03 00 00 36 3c 00 00 cc 21 00 00 43 09 00 00 8f b6 00 00  |  -81 CRC error
20:16:21.639 | 00 00 00 00 00 00 00 ce 02 00 00 b3 00 00 00 10 30 00 00 e0 01 00 00 c7 89 00 00 f5 e4 00 00  |  -83 CRC error
20:16:21.749 | 00 00 00 00 00 00 00 2c 71 00 00 cc 93 00 00 72 00 20 00 50 83 00 00 72 c0 00 00 41 06 00 00  |  -85 CRC error
20:16:21.829 | 00 00 00 00 21 b2 00 38 39 00 00 2f 13 00 00 42 7f 52 0c d0 04 93 80 65 0a 06 a0 39 f1 01 60  |  -80 CRC error
20:16:21.909 | 00 00 08 0a 10 20 12 07 d2 55 30 ac 90 6d de 2b 5a 5a 5c eb 7e 03 45 25 d3 c0 d2 3e 9c 50 02  |  -79 CRC error
20:16:21.979 | 00 00 00 00 00 00 00 c0 76 00 00 00 87 00 00 14 3c 00 00 2c 48 00 00 43 c9 00 00 fc f4 00 00  |  -87 CRC error
20:16:22.089 | 00 00 00 00 00 00 00 ce 8a 00 00 80 84 00 00 dc 70 00 00 40 07 00 00 c7 c1 00 00 fd fc 00 00  |  -87 CRC error
20:16:22.159 | 00 00 00 00 00 00 00 3a d2 00 00 3f dc 00 00 7f 71 00 00 cd cd 00 00 04 08 00 00 fc 3c 00 00  |  -87 CRC error
20:16:22.229 | 5e 8e 00 00 00 00 00 6a c0 00 00 08 16 01 16 eb 7f 00 00 40 37 00 00 2f dc 22 c0 fd 80 74  |  -81 CRC error
20:16:22.309 | 00 00 00 00 00 00 00 9e de 00 00 31 f4 00 00 c0 71 00 00 4d cd 00 00 14 18 00 00 f3 7c 00 00  |  -86 CRC error
20:16:22.379 | 00 00 00 00 00 00 00 e6 6e 00 00 84 93 00 00 b6 3c 00 00 20 41 00 00 43 c9 00 00 0e 34 00 00  |  -87 CRC error
20:16:22.459 | 00 00 00 00 00 00 00 ca 8e 00 00 3c 1c 00 00 50 30 00 00 cd 8c 00 00 23 1b 00 00 f0 38 00 00  |  -86 CRC error
20:16:22.529 | 00 00 00 00 00 00 00 e0 7e 00 00 73 0b 00 00 5d 1f 00 00 30 05 00 00 33 e1 00 00 0f 3e 00 00  |  -85 CRC error
20:16:22.599 | 00 00 00 00 00 00 00 0a 3e 00 00 38 d0 00 00 f0 41 00 00 bf 0f 00 00 20 58 00 00 b3 f0 00 00  |  -87 CRC error
20:16:22.669 | 00 06 02 39 00 00 18 f3 5c 00 64 10 34 00 00 58 78 00 00 21 31 00 00  |  -81 CRC error
20:16:22.749 | 00 00 00 00 00 00 00 0a 3a 00 00 3b 9c 00 00 40 75 00 00 0d 0f 00 00 25 ba 00 00 ff 00 07 0a  |  -79 CRC error
20:16:22.829 | 00 00 00 00 00 00 00 0f 3a 00 00 38 1c 00 00 d6 83 00 00 30 c0 00 00 f3 08 00 00 01 f7 00 00  |  -87 CRC error
20:16:22.909 | 00 00 00 00 00 00 00 38 b0 00 00 58 98 00 00 cc c0 00 00 0f 01 00 00 00 c8 16 e2 ec 59 b9 8d  |  -77 CRC error
20:16:23.009 | 00 00 00 00 00 00 00 c0 60 00 00 cc 00 00 00 3f 00 00 00 03 02 00 00 a0 f3 00 00 94 fc 00 00  |  -86 CRC error
20:16:23.099 | 00 00 00 00 00 00 00 83 40 00 32 58 c0 00 12 06 00 00 10 c4 00 00 0b cf c0 00 22 80 c0 00 08  |  -87 CRC error
20:16:23.169 | 00 00 00 00 00 00 00 2a bb 00 00 3f 83 00 00 04 3f 00 00 ce 08 00 00 cf 50 00 00 8f 86 00 00  |  -87 CRC error
20:16:23.289 | 00 00 00 00 00 00 00 c2 40 52 19 70 12 00 00 fa ac 00 00 40 05 30 10 2c 73 00 00 cd 16 c0 04  |  -80 CRC error
20:16:23.369 | 00 00 00 00 00 00 00 ea 3a 00 00 30 9c 00 00 60 c1 00 00 3f 3c 00 00 24 1a 00 00 f2 a0 00 00  |  -87 CRC error
20:16:23.459 | 00 00 00 00 00 00 00 32 10 00 00 f8 f0 00 00 ce 05 00 00 fd fe 00 00 44 cc 00 00 c8 21 00 00  |  -86 CRC error
20:16:23.529 | 00 00 00 00 00 00 00 0e 3a 00 00 38 1c 00 00 73 f0 00 00 cd 8d 00 00 34 11 00 00 f0 70 00 00  |  -86 CRC error
20:16:23.619 | 00 00 00 00 00 01 00 00 00 82 64 00 00 10 0e 00 0c 06 6c 11 01 a9 96 00 00 66 12 00 00 4e 78  |  -79 CRC error
20:16:23.689 | 00 00 00 00 00 00 00 e1 73 00 00 43 83 00 00 16 0f 00 00 38 00 00 00 43 71 00 00 8f 06 00 00  |  -86 CRC error
20:16:23.759 | 00 00 00 00 00 00 00 c3 63 00 00 c0 07 00 00 14 3c 00 00 22 00 00 00 47 cb 00 00 3c 3c 00 00  |  -87 CRC error
20:16:23.829 | 00 00 00 00 00 00 00 c2 4e 00 00 0c 17 00 00 fe 30 00 00 e1 80 00 00 c3 88 00 00 0c 3c 00 00  |  -87 CRC error
20:16:23.909 | 00 00 00 00 00 00 00 3a 88 00 00 70 3d 00 00 f0 41 00 00 41 8b 00 00 45 a9 00 00 c4 c0 00 00  |  -85 CRC error
20:16:24.009 | 80 00 10 19 04 0c 00 3a d8 00 00 fb 90 00 00 fe c1 01 6c 92 e8 00 00 0f 18 00 00 fb 30 00 00 1c 20 a1 f6 06 0a 54 c3 2c 74 50 91 86 e8 42 f0 e0 e7 d5 d0 29 9f 6a 37 d9 b9 48 de f4 ec 1d dd 5b c8 4b 8f 2d 27 e5 cd c4 ef bd af 84 36 28 f0  |  -79 CRC error
20:16:24.089 | 00 00 01 c4 13 a0 00 08 30 01 a1 38 c0 00 00 e0 00 0f 94 0f fc 00 00 2c 72 00 00 b3 80 00 00  |  -79 CRC error
20:16:24.159 | 00 00 00 00 00 00 00 e0 f0 00 00 03 20 03 00 04 be 00 00 28 3b 30 00 cb 63 00 00 b3 50 00 00  |  -85 CRC error
20:16:24.239 | 00 00 00 00 00 00 00 3a 38 00 00 3d f9 00 00 e4 c5 00 00 3f 1c 00 00 24 50 00 00 b3 a0 00 00  |  -79 CRC error
20:16:24.309 | 00 00 00 00 00 00 94 5e 7f 20 61 6a a3 7e 8b 89 6c c0 d8 ff ed 00 39 f9 63 06 02 97 c7 9f 59  |  -79 CRC error
20:16:24.419 | 00 00 00 00 00 00 00 bf 4f 00 00 45 c3 00 00 05 00 00 00 3c 1c 00 00 30 4d 00 00 e3 61 00 00  |  -86 CRC error
20:16:24.489 | 00 00 00 00 00 00 00 c8 71 00 00 30 33 00 00 46 cf 00 00 bf dc 00 00 23 71 00 00 83 02 00 00  |  -87 CRC error
20:16:24.569 | 00 00 00 00 00 00 00 ce 42 00 00 38 1c 00 00 70 50 00 00 41 01 00 00 87 08 00 00 fc 7c 00 00  |  -87 CRC error
20:16:24.659 | 00 00 00 00 00 00 00 3a 0a 00 00 3c dc 00 00 78 00 00 00 83 0d 00 00 3c 18 00 00 a0 33 00 01  |  -81 CRC error
20:16:24.729 | 00 00 00 00 00 00 00 38 2f 00 00 c9 cc 00 00 4e e0 00 00 db 3b 00 00 8f c8 00 00 30 3a 00 00  |  -86 CRC error
