10:56:26.218 | 00 00 00 00 00 00 00 00 50 1d 00 00 00 d0 00 00 00 0c 00 00 50 5d 00 00 90 d5 00 00 00 7c 00  |  -82
10:56:26.648 | 00 00 00 00 00 00 00 00 a0 5d 00 00 50 2d 00 00 d0 91 00 00 10 53 00 00 e0 da 00 00 d0 d5 00  |  -81
10:56:27.068 | 00 00 00 00 00 00 00 00 50 0d 00 00 d0 d1 00 00 00 1d 00 00 00 c0 00 00 f0 d5 00 00 10 19 00  |  -83
10:56:27.528 | 00 00 00 00 00 00 00 00 50 5d 00 00 c0 d1 00 00 00 7f 00 00 50 2d 00 00 d0 d1 00 00 60 59 00  |  -84
10:56:27.950 | 00 00 00 00 00 00 00 00 d0 9b 00 00 d0 00 00 00 50 5d 00 00 90 d1 00 00 00 5d 00 00 50 0d 0b  |  -77
10:56:28.371 | 00 00 00 00 00 00 00 00 00 70 00 00 50 5d 00 00 d0 d5 b0 9e 0e d6 bc ea 00 00 60 6e 6e d5 00  |  -84
10:56:28.810 | 00 00 00 00 00 00 00 00 00 01 00 00 d0 0f 00 00 10 5d 00 00 90 d5 00 00 00 13 00 00 50 c0 00  |  -83
10:56:29.232 | 00 00 00 00 00 00 00 00 50 0d 00 00 90 d1 00 00 a0 5d 00 00 50 fd 00 00 d0 05 00 00 10 59 00  |  -83
10:56:29.652 | 00 00 00 00 00 00 00 e0 09 10 00 00 e0 b0 00 00 d0 91 00 00 10 59 00 00 50 00 00 00 90 05 00  |  -82
10:56:30.073 | 00 00 00 00 00 00 00 00 00 5d 00 00 50 00 00 00 f0 d5 00 00 10 19 00 00 f0 d0 00 00 d0 d5 00  |  -82
10:56:30.510 | 00 00 00 00 00 00 00 00 20 2d 00 00 f0 d1 00 00 10 19 00 00 00 0a 00 00 d0 d5 00 00 10 59 00  |  -82
10:56:30.933 | 00 00 00 00 00 00 00 00 10 1d 00 00 c0 95 00 00 00 05 00 00 50 5d 00 00 90 d7 00 00 00 5c 00  |  -82
10:56:31.354 | 00 00 00 00 00 00 00 00 70 79 00 00 c0 d0 00 00 d0 05 00 00 10 5d 00 00 90 95 00 00 d0 1c 00  |  -82
10:56:31.774 | 00 00 00 00 00 00 00 00 30 d5 00 00 50 1d 00 00 00 d0 00 00 d0 0e 00 00 50 5f 00 00 90 95 00  |  -81
10:56:32.212 | 00 00 00 00 00 00 00 00 10 50 00 00 00 00 00 00 d0 d5 00 00 70 5d 00 00 90 05 00 00 00 05 00  |  -83
10:56:32.612 | 00 00 00 00 00 00 00 00 10 59 00 00 90 35 00 00 00 af 00 00 50 5d 00 00 90 d1 00 00 10 19 00  |  -81
10:56:33.036 | 00 00 00 00 00 00 00 00 d0 d1 00 00 10 5d 00 00 f0 37 00 00 f0 d5 00 00 10 5d 00 00 30 35 00  |  -83
10:56:33.457 | 00 00 00 00 00 00 00 00 d0 a0 00 00 50 5d 00 00 d0 91 00 00 00 5d 00 00 50 00 00 00 f0 d5 00  |  -82
10:56:33.877 | 00 00 00 00 00 00 00 00 70 f0 00 00 90 d5 00 00 10 1d 00 00 00 0a 00 00 d0 02 00 00 50 5d 00  |  -83
10:56:34.315 | 00 00 00 00 00 00 00 00 00 59 00 00 50 0d 00 00 d0 d1 00 00 10 19 00 00 c0 90 00 00 d0 d5 00  |  -82
10:56:34.737 | 00 00 00 00 00 00 00 00 50 00 00 00 d0 d5 00 00 50 1d 00 00 c0 90 00 00 d0 d5 00 00 50 5d 00  |  -83
10:56:35.157 | 00 00 00 00 00 00 00 00 00 a5 00 00 50 5d 00 00 90 91 00 00 a0 5d 00 00 50 2d 00 00 90 d5 00  |  -84
10:56:35.577 | 00 00 00 00 00 00 00 00 70 1d 00 00 00 d4 00 00 d0 d5 00 00 50 59 00 00 90 01 00 00 00 00 00  |  -84
10:56:36.014 | 00 00 00 00 00 00 00 00 d0 d5 00 00 10 19 00 00 c0 00 00 00 d0 dc 00 00 b0 5d 00 00 d0 95 00  |  -84
10:56:36.437 | 00 00 00 00 00 00 00 00 90 91 00 00 d0 0f 00 00 50 1f 00 00 90 d1 00 00 70 bd 00 00 50 f0 00  |  -83
10:56:36.858 | 00 00 00 00 00 00 00 00 50 5d 00 00 d0 3b 00 00 00 5f 00 00 50 0d 00 00 d0 d5 00 00 10 59 00  |  -83
10:56:37.278 | 00 00 00 00 00 00 00 00 90 d1 00 00 00 5d 00 00 b0 c0 00 00 d0 d1 00 00 70 19 00 00 00 d7 00  |  -83
10:56:37.715 | 00 00 00 00 00 00 00 00 e0 f0 00 00 d0 05 00 00 50 5d 00 00 00 95 00 00 d0 00 00 00 50 5d 00  |  -84
10:56:38.116 | 00 00 00 00 00 00 00 05 00 00 10 5d 00 00 90 95 00 00 d0 0c 00 00 50 5d 00 00 90 d1 00 00 00  |  -83
10:56:38.540 | 00 00 00 00 00 00 00 00 50 d0 00 00 90 d5 00 00 10 19 00 00 20 91 00 00 d0 01 00 00 10 5d 00  |  -81
10:56:38.960 | 00 00 00 00 00 00 00 00 50 cd 00 00 f0 d5 00 00 10 1d 00 00 00 00 00 00 d0 05 00 00 10 59 00  |  -81
10:56:39.380 | 00 00 00 00 00 00 00 00 d0 05 00 00 50 5d 00 00 90 d0 00 00 00 00 00 00 50 5d 00 00 d0 f1 00  |  -82
10:56:39.816 | 00 00 00 00 00 00 00 00 d0 d5 00 00 00 70 00 00 50 1d 00 00 d0 d1 00 00 00 5d 00 00 e0 00 00  |  -82
10:56:40.241 | 00 00 00 00 00 00 00 00 50 5d 00 00 90 d1 00 00 00 79 00 00 50 cd 00 00 90 d1 00 00 10 59 00  |  -80
10:56:40.661 | 00 00 00 00 00 00 00 00 f0 d5 00 00 50 1d 00 00 f0 d0 00 00 d0 05 00 00 10 5d 00 00 90 d5 00  |  -80
10:56:41.081 | 00 00 00 00 00 00 00 00 00 50 00 00 50 5d 00 00 d0 05 00 00 50 53 00 00 20 91 00 00 f0 d5 00  |  -80
10:56:41.519 | 00 d5 05 00 00 5d 1d 00 00 f0 97 00 00 05 00 00 00 5d 5d 00 00 90 d1 00 00 0c 5f 00 00 5d 0d  |  -80
10:56:41.921 | 00 00 00 00 00 00 00 00 c0 c0 00 00 d0 d5 00 00 10 bd 00 00 90 d1 00 00 00 0c 00 00 b0 5d 00  |  -80
10:56:42.343 | 00 00 00 00 00 00 00 00 f0 95 00 00 d0 05 00 00 50 5d 00 00 90 95 00 00 00 4f 00 00 10 5d 00  |  -80
10:56:42.764 | 00 00 00 00 00 00 00 00 10 19 00 00 50 cd 00 00 d0 d5 00 00 50 19 00 00 90 d1 00 00 d0 d5 00  |  -80
10:56:43.185 | 00 00 00 00 00 00 00 00 f0 d5 00 00 10 5d 00 00 90 35 00 00 30 02 00 00 50 5d 00 00 90 d1 00  |  -79
10:56:43.623 | 00 00 00 00 00 00 00 00 d0 35 00 00 50 50 00 00 00 07 00 00 00 05 00 00 b0 5d 00 00 d0 d1 00  |  -79
10:56:44.047 | 00 00 00 00 00 00 00 00 d0 d5 00 00 10 1d 00 00 00 d1 00 00 d0 00 00 00 10 5f 00 00 90 d1 00  |  -79
10:56:44.467 | 00 00 00 00 00 00 00 00 90 d1 00 00 00 19 00 00 50 c0 00 00 d0 d5 00 00 10 19 00 00 c0 d0 00  |  -79
10:56:44.888 | 00 00 00 00 00 00 00 00 00 4f 00 00 50 0d 00 00 d0 d5 00 00 b0 19 00 00 00 d0 00 00 d0 05 00  |  -79
10:56:45.326 | 00 00 00 00 00 00 00 00 10 5d 00 00 90 95 00 00 a0 1d 00 00 50 0d 00 00 f0 d5 00 00 50 1d 00  |  -79
10:56:45.748 | 00 00 00 00 00 00 00 00 50 19 00 00 90 00 00 00 d0 00 00 00 10 50 00 00 90 d5 00 00 00 0c 00  |  -79
10:56:46.169 | 00 00 00 00 00 00 00 00 00 10 00 00 50 f0 00 00 d0 d1 00 00 10 19 00 00 00 d0 00 00 00 d5 00  |  -79
10:56:46.589 | 00 00 00 00 00 00 00 d1 00 00 00 70 00 00 50 5d 00 00 d0 d1 00 00 70 50 00 00 50 00 00 00 f0  |  -79
10:56:47.027 | 00 00 00 00 00 00 00 00 00 10 00 00 50 fd 00 00 f0 d5 00 00 10 59 00 00 00 05 00 00 30 32 00  |  -79
10:56:47.269 | 5f 72 ea 5f 85 6f de 86 dc 06 6e c8 a3 c0 71 8a 54 0d e9 63 34 88 54 ea 8d 89 5d 8e da dc f9 6a 5a 90 0f 87 37 2f  | -104
10:56:47.459 | 00 00 00 00 00 00 00 00 d0 d1 00 00 00 1d 00 00 e0 f0 00 00 f0 d5 00 00 70 19 00 00 00 da 00  |  -79
10:56:47.860 | 00 00 00 00 00 00 00 00 50 0d 00 00 d0 d5 00 00 10 5d 00 00 e0 00 00 00 d0 05 00 00 10 19 00  |  -79
10:56:48.290 | 00 00 00 00 00 00 00 00 c4 9e 03 00 30 59 0f f0 50 d0 00 00 d0 db 00 00 10 1d 00 00 d0 95 00  |  -79
10:56:48.727 | 00 00 00 00 00 00 00 00 00 d0 00 00 00 05 00 00 10 19 00 00 d0 35 00 00 00 00 00 00 10 5d 00  |  -79
10:56:49.150 | 00 00 00 00 00 00 00 00 d0 d5 00 00 10 19 00 00 e0 9b 00 00 d0 05 00 00 b0 5d 00 00 90 35 00  |  -79
10:56:49.571 | 00 00 00 00 00 00 00 00 d0 05 00 00 10 5d 00 00 90 95 00 00 d0 00 00 00 50 5d 00 00 90 d1 00  |  -79
10:56:49.991 | 00 00 00 00 00 00 00 00 00 1f 00 00 50 00 00 00 d0 d1 00 00 70 19 00 00 c0 f0 00 00 d0 05 00  |  -79
10:56:50.429 | 00 00 00 00 00 00 00 00 50 5d 00 00 90 91 00 00 00 59 00 00 50 00 00 00 f0 d5 00 00 50 1d 00  |  -79
10:56:50.851 | 00 d0 d5 00 00 50 19 00 00 50 00 00 00 d0 d5 00 00 10 5d 00 00 d0 d5 00 00 00 50 00 00 50 5d  |  -79
10:56:51.252 | 00 00 00 00 00 00 00 00 00 0f 00 00 50 5d 00 00 f0 d5 00 00 00 59 00 00 10 f0 00 00 d0 d5 00  |  -79
10:56:51.673 | 00 00 00 00 00 00 00 00 10 19 00 00 f0 90 00 00 d0 05 00 00 10 1d 00 00 90 91 00 00 00 0f 00  |  -79
10:56:52.131 | 00 00 00 00 00 00 00 00 00 0f 00 00 50 50 00 00 30 d5 00 00 70 b9 00 00 50 c0 00 00 d1 d5 00  |  -80
10:56:52.554 | 00 00 00 00 00 00 00 00 00 5f 00 00 50 0d 00 00 d0 d5 00 00 10 19 00 00 00 00 00 00 d0 05 00  |  -80
10:56:52.974 | 00 00 00 00 00 00 00 00 50 1d 00 00 f0 d5 00 00 d0 05 00 00 10 59 00 00 90 91 00 00 00 5d 00  |  -79
10:56:53.395 | 00 00 00 00 00 00 00 00 10 5d 00 00 90 91 00 00 d0 a2 00 00 50 5d 00 00 90 91 00 00 00 7d 00  |  -79
10:56:53.794 | 00 00 00 00 00 00 00 00 10 00 00 00 90 d5 00 00 10 19 00 00 00 d5 00 00 d0 05 00 00 10 79 00  |  -79
10:56:54.232 | 00 00 00 00 00 00 00 00 00 07 00 00 d0 05 00 00 10 5d 00 00 90 31 00 00 00 12 00 00 50 0d 00  |  -79
10:56:54.656 | 00 00 00 00 00 00 00 00 10 53 00 00 90 97 00 00 d0 05 00 00 50 5d 00 00 90 31 00 00 00 59 00  |  -79
10:56:55.077 | 00 00 00 00 00 00 00 00 70 79 00 00 50 c0 00 00 f0 d5 00 00 70 19 00 00 c0 90 00 00 d0 05 00  |  -79
10:56:55.497 | 00 00 00 00 00 00 00 00 d0 d5 00 00 10 59 00 00 50 d0 00 00 d0 d5 00 00 10 1d 00 00 f0 90 00  |  -79
10:56:55.935 | 00 00 00 00 00 00 00 00 00 00 00 00 10 5d 00 00 d0 d1 00 00 00 50 00 00 50 0d 00 00 d0 d1 00  |  -80
10:56:56.358 | 00 00 00 00 00 00 00 00 10 5d 00 00 f0 d1 00 00 d0 01 00 00 50 5d 00 00 c0 d5 00 00 00 1c 00  |  -81
10:56:56.779 | 00 00 00 00 00 00 00 00 70 59 00 00 e0 c0 00 00 d0 65 00 00 50 bd 0d 00 f0 90 00 00 00 00 00  |  -82
10:56:57.599 | 00 00 00 00 00 00 00 00 d0 97 00 00 d0 05 00 00 10 59 00 00 90 d5 00 00 00 7f 00 00 50 5d 00  |  -84
10:56:58.037 | 00 00 00 00 00 00 00 00 00 50 00 00 b0 5d 00 00 d0 d1 00 00 10 5c 00 00 50 fd 00 00 d0 d5 00  |  -84
10:56:58.460 | 00 00 00 00 00 00 00 00 50 00 00 00 90 95 00 00 70 50 00 00 50 50 00 00 00 d1 00 00 70 10 00  |  -83
10:56:58.880 | 00 00 00 00 00 00 00 00 90 d5 00 00 50 10 00 00 20 91 00 00 00 05 00 00 10 5d 00 00 90 d1 00  |  -83
10:56:59.337 | 00 00 00 00 00 00 00 00 c0 00 00 00 d0 d5 00 00 50 1d 00 00 f0 97 00 00 d0 00 00 00 10 5d 00  |  -84
10:56:59.761 | 00 00 00 00 00 00 00 00 50 59 00 00 e0 00 00 00 d0 d5 00 00 10 5d 00 00 00 31 00 00 d0 7f 00  |  -84
10:57:00.181 | 00 00 00 00 00 00 00 00 10 19 00 00 00 00 00 00 f0 35 00 00 50 19 00 00 d0 35 00 00 d0 00 00  |  -84
10:57:00.571 | 00 00 00 00 00 00 00 00 00 d5 00 00 10 1d 00 00 90 91 00 00 d0 00 00 00 50 50 00 00 90 d1 00  |  -83
10:57:01.001 | 00 00 00 00 00 00 00 00 d0 05 00 00 10 5d 00 00 d0 05 00 00 a0 10 00 00 50 5d 00 00 00 91 00  |  -83
10:57:01.421 | 00 00 00 00 00 00 00 00 50 1d 00 00 d0 d5 00 00 10 5d 00 00 e0 ca 00 00 90 d5 00 00 10 1d 00  |  -82
10:57:01.871 | 00 00 00 00 00 00 00 1d 00 00 f0 d0 00 00 d0 05 00 00 10 19 00 00 d0 35 00 00 00 00 00 00 50  |  -82
10:57:02.271 | 00 00 00 00 00 00 00 00 50 5d 00 00 90 95 00 00 b0 19 00 00 50 00 00 00 d0 d5 00 00 10 1d 00  |  -81
10:57:02.701 | 00 00 00 00 00 00 00 00 50 1d 00 00 d0 01 00 00 d0 02 00 00 50 5d 00 00 90 d1 00 00 00 10 00  |  -80
10:57:03.139 | 00 00 00 00 00 00 00 00 50 0d 00 00 d0 d5 00 00 70 13 00 00 c0 3a 00 00 d0 05 00 00 10 5d 00  |  -80
10:57:03.563 | 00 00 00 00 00 00 00 00 f0 05 00 00 b0 19 00 00 00 d0 00 00 d0 05 00 00 10 5f 00 00 90 91 00  |  -80
10:57:03.982 | 00 00 00 00 00 00 00 00 90 91 00 00 00 9c 00 00 10 5d 00 00 90 95 00 00 00 49 00 00 50 10 00  |  -82
10:57:04.402 | 00 00 00 00 00 00 00 00 50 5d 00 00 d0 d1 00 00 b0 59 00 00 00 fa 00 00 d0 d1 00 00 10 1d 00  |  -82
10:57:04.840 | 00 00 00 00 00 00 00 00 10 59 00 00 f0 00 00 00 d0 05 00 00 50 5d 00 00 d0 91 00 00 00 0f 00  |  -81
10:57:05.263 | 10 5d 00 00 d0 95 00 00 00 00 00 00 10 20 00 00 90 91 00 00 a0 79 00 00 50 2f 00 00 f0 d5 00  |  -81
10:57:06.113 | 00 00 00 00 00 00 00 00 f0 95 00 00 d0 00 00 00 50 1d 00 00 90 95 00 00 00 0f 00 00 50 0d 00  |  -81
10:57:06.513 | 00 00 00 00 00 00 00 f0 d5 05 00 00 59 0d 00 00 90 05 00 f0 3b 05 00 50 5d 0d 00 00 d5 01 00  |  -82
10:57:06.944 | 00 00 00 00 00 00 00 00 50 cd 00 00 d0 31 00 00 70 1d 00 00 e0 0a 00 00 f0 05 00 00 50 5d 00  |  -82
10:57:07.374 | 00 00 00 00 00 00 00 00 10 1d 00 00 e0 9a 00 00 d0 f5 00 00 10 5d 00 00 90 0b 00 00 00 19 00  |  -81
10:57:07.804 | 00 00 00 00 00 00 00 00 50 19 00 00 90 da 00 00 d0 ac 00 00 10 53 00 00 90 35 00 00 00 50 00  |  -81
10:57:08.204 | 00 00 00 00 00 00 00 00 10 1d 00 00 b0 d1 00 00 d0 d5 00 00 10 59 00 00 d0 d5 00 00 00 10 00  |  -81
10:57:08.643 | 00 00 00 00 00 00 00 00 d0 91 00 00 10 1d 00 00 e0 00 00 00 f0 d5 00 00 50 1d 00 00 00 d0 00  |  -81
